1000
0 0 10
0 1 18
0 2 1
1 0 12
1 1 2
1 2 2
1 3 13
2 0 6
2 1 1
2 2 3
2 3 3
2 4 13
3 0 15
3 1 13
3 2 3
3 3 1
3 4 6
3 5 12
4 1 7
4 2 19
4 3 6
4 4 1
4 5 3
4 6 14
5 2 4
5 3 3
5 4 10
5 5 18
5 6 11
5 7 12
6 3 3
6 4 6
6 5 7
6 6 4
6 7 1
6 8 18
7 4 19
7 5 6
7 6 19
7 7 15
7 8 4
7 9 9
8 5 7
8 6 6
8 7 3
8 8 2
8 9 6
8 10 7
9 6 16
9 7 18
9 8 8
9 9 2
9 10 15
9 11 13
10 7 1
10 8 2
10 9 19
10 10 17
10 11 18
10 12 18
11 8 12
11 9 11
11 10 18
11 11 5
11 12 18
11 13 3
12 9 18
12 10 6
12 11 9
12 12 13
12 13 18
12 14 17
13 10 12
13 11 3
13 12 1
13 13 2
13 14 19
13 15 14
14 11 8
14 12 8
14 13 2
14 14 1
14 15 5
14 16 1
15 12 1
15 13 9
15 14 9
15 15 7
15 16 8
15 17 10
16 13 14
16 14 7
16 15 3
16 16 4
16 17 12
16 18 8
17 14 6
17 15 14
17 16 5
17 17 19
17 18 1
17 19 12
18 15 12
18 16 6
18 17 3
18 18 19
18 19 11
18 20 19
19 16 6
19 17 5
19 18 1
19 19 18
19 20 8
19 21 4
20 17 7
20 18 7
20 19 19
20 20 8
20 21 4
20 22 15
21 18 14
21 19 12
21 20 3
21 21 9
21 22 6
21 23 12
22 19 3
22 20 9
22 21 1
22 22 1
22 23 13
22 24 5
23 20 8
23 21 18
23 22 2
23 23 6
23 24 3
23 25 10
24 21 4
24 22 6
24 23 6
24 24 2
24 25 8
24 26 6
25 22 19
25 23 13
25 24 14
25 25 2
25 26 9
25 27 11
26 23 12
26 24 8
26 25 19
26 26 17
26 27 15
26 28 1
27 24 13
27 25 7
27 26 4
27 27 16
27 28 2
27 29 17
28 25 7
28 26 19
28 27 10
28 28 8
28 29 12
28 30 12
29 26 17
29 27 9
29 28 9
29 29 14
29 30 10
29 31 6
30 27 18
30 28 13
30 29 6
30 30 16
30 31 19
30 32 16
31 28 10
31 29 14
31 30 5
31 31 7
31 32 16
31 33 1
32 29 11
32 30 7
32 31 12
32 32 12
32 33 1
32 34 4
33 30 16
33 31 4
33 32 14
33 33 2
33 34 13
33 35 19
34 31 8
34 32 11
34 33 14
34 34 12
34 35 18
34 36 11
35 32 14
35 33 13
35 34 9
35 35 2
35 36 5
35 37 3
36 33 19
36 34 5
36 35 3
36 36 5
36 37 18
36 38 8
37 34 12
37 35 19
37 36 17
37 37 19
37 38 12
37 39 10
38 35 8
38 36 17
38 37 1
38 38 15
38 39 3
38 40 9
39 36 5
39 37 17
39 38 19
39 39 10
39 40 3
39 41 11
40 37 10
40 38 17
40 39 17
40 40 18
40 41 10
40 42 2
41 38 19
41 39 10
41 40 16
41 41 2
41 42 2
41 43 3
42 39 4
42 40 6
42 41 19
42 42 7
42 43 12
42 44 2
43 40 15
43 41 11
43 42 6
43 43 5
43 44 5
43 45 17
44 41 8
44 42 12
44 43 16
44 44 7
44 45 13
44 46 1
45 42 11
45 43 13
45 44 6
45 45 17
45 46 7
45 47 6
46 43 9
46 44 9
46 45 4
46 46 3
46 47 5
46 48 2
47 44 19
47 45 12
47 46 12
47 47 18
47 48 5
47 49 9
48 45 12
48 46 8
48 47 4
48 48 18
48 49 14
48 50 13
49 46 6
49 47 2
49 48 13
49 49 18
49 50 19
49 51 11
50 47 15
50 48 5
50 49 16
50 50 19
50 51 13
50 52 16
51 48 17
51 49 1
51 50 2
51 51 14
51 52 8
51 53 10
52 49 3
52 50 1
52 51 17
52 52 10
52 53 3
52 54 14
53 50 16
53 51 12
53 52 9
53 53 7
53 54 4
53 55 7
54 51 12
54 52 7
54 53 1
54 54 16
54 55 9
54 56 13
55 52 5
55 53 11
55 54 14
55 55 9
55 56 3
55 57 15
56 53 13
56 54 17
56 55 11
56 56 9
56 57 8
56 58 7
57 54 4
57 55 18
57 56 2
57 57 12
57 58 11
57 59 8
58 55 8
58 56 5
58 57 5
58 58 11
58 59 17
58 60 4
59 56 7
59 57 7
59 58 18
59 59 19
59 60 17
59 61 2
60 57 12
60 58 12
60 59 2
60 60 1
60 61 16
60 62 9
61 58 13
61 59 15
61 60 15
61 61 12
61 62 7
61 63 9
62 59 14
62 60 19
62 61 12
62 62 12
62 63 9
62 64 12
63 60 12
63 61 2
63 62 13
63 63 1
63 64 12
63 65 7
64 61 6
64 62 4
64 63 11
64 64 2
64 65 1
64 66 5
65 62 7
65 63 16
65 64 13
65 65 12
65 66 5
65 67 3
66 63 15
66 64 5
66 65 9
66 66 9
66 67 8
66 68 18
67 64 15
67 65 17
67 66 13
67 67 4
67 68 15
67 69 6
68 65 17
68 66 16
68 67 14
68 68 11
68 69 9
68 70 8
69 66 13
69 67 3
69 68 10
69 69 8
69 70 12
69 71 10
70 67 14
70 68 6
70 69 8
70 70 1
70 71 15
70 72 1
71 68 9
71 69 9
71 70 5
71 71 2
71 72 8
71 73 1
72 69 4
72 70 5
72 71 19
72 72 3
72 73 14
72 74 16
73 70 4
73 71 16
73 72 12
73 73 16
73 74 2
73 75 11
74 71 15
74 72 9
74 73 13
74 74 18
74 75 15
74 76 2
75 72 18
75 73 3
75 74 8
75 75 17
75 76 14
75 77 15
76 73 7
76 74 10
76 75 8
76 76 9
76 77 19
76 78 14
77 74 3
77 75 10
77 76 19
77 77 10
77 78 9
77 79 14
78 75 15
78 76 15
78 77 14
78 78 1
78 79 1
78 80 16
79 76 10
79 77 6
79 78 8
79 79 3
79 80 1
79 81 12
80 77 9
80 78 8
80 79 15
80 80 14
80 81 1
80 82 2
81 78 10
81 79 15
81 80 15
81 81 16
81 82 12
81 83 16
82 79 15
82 80 2
82 81 5
82 82 7
82 83 9
82 84 4
83 80 18
83 81 19
83 82 1
83 83 5
83 84 6
83 85 4
84 81 17
84 82 4
84 83 16
84 84 7
84 85 4
84 86 3
85 82 14
85 83 18
85 84 9
85 85 3
85 86 19
85 87 8
86 83 14
86 84 12
86 85 18
86 86 9
86 87 19
86 88 7
87 84 7
87 85 12
87 86 3
87 87 6
87 88 6
87 89 1
88 85 8
88 86 8
88 87 7
88 88 14
88 89 1
88 90 13
89 86 2
89 87 2
89 88 1
89 89 11
89 90 5
89 91 15
90 87 10
90 88 5
90 89 10
90 90 2
90 91 3
90 92 6
91 88 18
91 89 4
91 90 3
91 91 4
91 92 6
91 93 11
92 89 1
92 90 5
92 91 5
92 92 14
92 93 19
92 94 11
93 90 18
93 91 5
93 92 2
93 93 3
93 94 9
93 95 16
94 91 9
94 92 1
94 93 12
94 94 1
94 95 2
94 96 11
95 92 13
95 93 8
95 94 11
95 95 2
95 96 8
95 97 9
96 93 18
96 94 10
96 95 16
96 96 17
96 97 12
96 98 16
97 94 4
97 95 9
97 96 12
97 97 9
97 98 11
97 99 17
98 95 18
98 96 5
98 97 18
98 98 9
98 99 10
98 100 1
99 96 7
99 97 11
99 98 3
99 99 17
99 100 9
99 101 5
100 97 1
100 98 7
100 99 18
100 100 18
100 101 19
100 102 11
101 98 1
101 99 1
101 100 11
101 101 17
101 102 8
101 103 7
102 99 12
102 100 8
102 101 5
102 102 17
102 103 6
102 104 1
103 100 19
103 101 1
103 102 14
103 103 16
103 104 17
103 105 4
104 101 14
104 102 15
104 103 3
104 104 13
104 105 9
104 106 19
105 102 13
105 103 4
105 104 6
105 105 4
105 106 17
105 107 10
106 103 19
106 104 3
106 105 4
106 106 13
106 107 8
106 108 9
107 104 18
107 105 2
107 106 16
107 107 19
107 108 16
107 109 18
108 105 15
108 106 2
108 107 3
108 108 18
108 109 1
108 110 8
109 106 13
109 107 14
109 108 2
109 109 19
109 110 13
109 111 2
110 107 6
110 108 16
110 109 19
110 110 13
110 111 9
110 112 17
111 108 4
111 109 18
111 110 5
111 111 17
111 112 2
111 113 16
112 109 7
112 110 7
112 111 13
112 112 4
112 113 12
112 114 18
113 110 14
113 111 3
113 112 6
113 113 11
113 114 3
113 115 14
114 111 18
114 112 4
114 113 5
114 114 3
114 115 5
114 116 12
115 112 13
115 113 5
115 114 13
115 115 13
115 116 14
115 117 4
116 113 4
116 114 8
116 115 7
116 116 10
116 117 18
116 118 12
117 114 19
117 115 17
117 116 16
117 117 1
117 118 13
117 119 6
118 115 17
118 116 8
118 117 14
118 118 12
118 119 9
118 120 18
119 116 17
119 117 9
119 118 9
119 119 7
119 120 6
119 121 11
120 117 10
120 118 1
120 119 8
120 120 8
120 121 3
120 122 1
121 118 4
121 119 16
121 120 13
121 121 15
121 122 15
121 123 4
122 119 16
122 120 6
122 121 14
122 122 17
122 123 2
122 124 12
123 120 9
123 121 14
123 122 5
123 123 2
123 124 1
123 125 16
124 121 1
124 122 8
124 123 17
124 124 15
124 125 2
124 126 16
125 122 8
125 123 13
125 124 1
125 125 18
125 126 11
125 127 7
126 123 5
126 124 18
126 125 16
126 126 8
126 127 5
126 128 7
127 124 12
127 125 18
127 126 4
127 127 8
127 128 18
127 129 15
128 125 2
128 126 17
128 127 14
128 128 10
128 129 8
128 130 14
129 126 15
129 127 5
129 128 7
129 129 16
129 130 3
129 131 14
130 127 8
130 128 13
130 129 1
130 130 7
130 131 17
130 132 4
131 128 9
131 129 11
131 130 10
131 131 8
131 132 13
131 133 10
132 129 16
132 130 16
132 131 13
132 132 7
132 133 11
132 134 11
133 130 2
133 131 14
133 132 18
133 133 2
133 134 3
133 135 14
134 131 6
134 132 12
134 133 15
134 134 4
134 135 9
134 136 8
135 132 8
135 133 15
135 134 7
135 135 3
135 136 19
135 137 14
136 133 16
136 134 18
136 135 8
136 136 11
136 137 13
136 138 12
137 134 11
137 135 3
137 136 16
137 137 10
137 138 5
137 139 4
138 135 5
138 136 2
138 137 3
138 138 8
138 139 7
138 140 17
139 136 1
139 137 6
139 138 18
139 139 13
139 140 16
139 141 16
140 137 18
140 138 19
140 139 2
140 140 6
140 141 14
140 142 16
141 138 19
141 139 8
141 140 13
141 141 14
141 142 17
141 143 13
142 139 1
142 140 14
142 141 7
142 142 19
142 143 18
142 144 15
143 140 14
143 141 13
143 142 13
143 143 4
143 144 17
143 145 7
144 141 12
144 142 8
144 143 18
144 144 12
144 145 14
144 146 6
145 142 9
145 143 6
145 144 17
145 145 11
145 146 3
145 147 11
146 143 2
146 144 2
146 145 10
146 146 10
146 147 17
146 148 2
147 144 6
147 145 13
147 146 16
147 147 14
147 148 4
147 149 8
148 145 16
148 146 19
148 147 18
148 148 4
148 149 5
148 150 1
149 146 6
149 147 8
149 148 6
149 149 8
149 150 19
149 151 12
150 147 15
150 148 4
150 149 7
150 150 18
150 151 16
150 152 15
151 148 4
151 149 13
151 150 14
151 151 17
151 152 6
151 153 2
152 149 12
152 150 14
152 151 13
152 152 15
152 153 17
152 154 5
153 150 5
153 151 17
153 152 12
153 153 19
153 154 2
153 155 11
154 151 1
154 152 10
154 153 2
154 154 10
154 155 5
154 156 8
155 152 8
155 153 15
155 154 2
155 155 10
155 156 4
155 157 18
156 153 12
156 154 15
156 155 11
156 156 18
156 157 4
156 158 6
157 154 12
157 155 1
157 156 14
157 157 2
157 158 3
157 159 10
158 155 15
158 156 9
158 157 15
158 158 9
158 159 8
158 160 5
159 156 12
159 157 12
159 158 10
159 159 13
159 160 11
159 161 6
160 157 12
160 158 6
160 159 12
160 160 8
160 161 5
160 162 4
161 158 1
161 159 2
161 160 7
161 161 4
161 162 6
161 163 14
162 159 19
162 160 11
162 161 4
162 162 18
162 163 19
162 164 9
163 160 3
163 161 7
163 162 11
163 163 7
163 164 1
163 165 11
164 161 3
164 162 14
164 163 1
164 164 13
164 165 6
164 166 5
165 162 14
165 163 4
165 164 4
165 165 9
165 166 8
165 167 15
166 163 11
166 164 17
166 165 12
166 166 12
166 167 7
166 168 8
167 164 6
167 165 7
167 166 19
167 167 14
167 168 19
167 169 18
168 165 10
168 166 15
168 167 9
168 168 3
168 169 12
168 170 5
169 166 11
169 167 3
169 168 8
169 169 15
169 170 6
169 171 13
170 167 18
170 168 13
170 169 13
170 170 12
170 171 14
170 172 16
171 168 5
171 169 14
171 170 7
171 171 2
171 172 2
171 173 1
172 169 10
172 170 7
172 171 11
172 172 17
172 173 11
172 174 14
173 170 7
173 171 14
173 172 11
173 173 6
173 174 17
173 175 13
174 171 1
174 172 10
174 173 16
174 174 10
174 175 5
174 176 3
175 172 6
175 173 18
175 174 18
175 175 10
175 176 11
175 177 16
176 173 16
176 174 12
176 175 11
176 176 18
176 177 8
176 178 2
177 174 11
177 175 13
177 176 10
177 177 13
177 178 18
177 179 14
178 175 13
178 176 7
178 177 9
178 178 2
178 179 15
178 180 1
179 176 9
179 177 5
179 178 9
179 179 15
179 180 12
179 181 18
180 177 17
180 178 3
180 179 4
180 180 11
180 181 9
180 182 1
181 178 1
181 179 16
181 180 15
181 181 6
181 182 5
181 183 10
182 179 6
182 180 10
182 181 19
182 182 14
182 183 2
182 184 2
183 180 16
183 181 18
183 182 1
183 183 1
183 184 12
183 185 1
184 181 18
184 182 15
184 183 10
184 184 9
184 185 8
184 186 6
185 182 13
185 183 6
185 184 19
185 185 9
185 186 18
185 187 4
186 183 17
186 184 6
186 185 7
186 186 11
186 187 8
186 188 12
187 184 2
187 185 12
187 186 14
187 187 2
187 188 6
187 189 18
188 185 14
188 186 5
188 187 7
188 188 2
188 189 7
188 190 3
189 186 3
189 187 12
189 188 12
189 189 11
189 190 3
189 191 14
190 187 11
190 188 17
190 189 6
190 190 10
190 191 19
190 192 9
191 188 6
191 189 19
191 190 17
191 191 5
191 192 6
191 193 8
192 189 13
192 190 10
192 191 18
192 192 12
192 193 16
192 194 16
193 190 14
193 191 15
193 192 13
193 193 15
193 194 18
193 195 10
194 191 12
194 192 1
194 193 10
194 194 15
194 195 12
194 196 14
195 192 1
195 193 7
195 194 12
195 195 2
195 196 18
195 197 11
196 193 10
196 194 5
196 195 8
196 196 19
196 197 15
196 198 11
197 194 8
197 195 11
197 196 9
197 197 2
197 198 16
197 199 6
198 195 11
198 196 9
198 197 4
198 198 4
198 199 14
198 200 15
199 196 13
199 197 10
199 198 2
199 199 17
199 200 14
199 201 7
200 197 3
200 198 16
200 199 3
200 200 8
200 201 4
200 202 2
201 198 19
201 199 7
201 200 19
201 201 3
201 202 9
201 203 19
202 199 1
202 200 19
202 201 3
202 202 18
202 203 17
202 204 17
203 200 13
203 201 2
203 202 2
203 203 4
203 204 2
203 205 19
204 201 8
204 202 10
204 203 8
204 204 11
204 205 7
204 206 11
205 202 1
205 203 5
205 204 13
205 205 15
205 206 15
205 207 14
206 203 16
206 204 6
206 205 12
206 206 18
206 207 17
206 208 7
207 204 12
207 205 9
207 206 11
207 207 10
207 208 8
207 209 13
208 205 5
208 206 17
208 207 11
208 208 18
208 209 13
208 210 15
209 206 1
209 207 17
209 208 1
209 209 11
209 210 4
209 211 14
210 207 2
210 208 6
210 209 2
210 210 1
210 211 1
210 212 19
211 208 11
211 209 13
211 210 8
211 211 9
211 212 14
211 213 12
212 209 10
212 210 12
212 211 6
212 212 3
212 213 14
212 214 12
213 210 3
213 211 4
213 212 3
213 213 6
213 214 12
213 215 12
214 211 11
214 212 4
214 213 4
214 214 5
214 215 9
214 216 3
215 212 7
215 213 8
215 214 19
215 215 1
215 216 2
215 217 3
216 213 19
216 214 2
216 215 14
216 216 5
216 217 5
216 218 16
217 214 14
217 215 9
217 216 12
217 217 15
217 218 8
217 219 5
218 215 12
218 216 1
218 217 1
218 218 13
218 219 6
218 220 13
219 216 4
219 217 13
219 218 2
219 219 16
219 220 14
219 221 12
220 217 10
220 218 10
220 219 3
220 220 12
220 221 1
220 222 2
221 218 1
221 219 6
221 220 14
221 221 4
221 222 1
221 223 11
222 219 15
222 220 4
222 221 17
222 222 19
222 223 17
222 224 12
223 220 9
223 221 14
223 222 10
223 223 13
223 224 3
223 225 10
224 221 4
224 222 12
224 223 9
224 224 18
224 225 16
224 226 12
225 222 8
225 223 13
225 224 4
225 225 19
225 226 13
225 227 13
226 223 19
226 224 9
226 225 7
226 226 15
226 227 2
226 228 7
227 224 12
227 225 14
227 226 8
227 227 6
227 228 18
227 229 8
228 225 14
228 226 17
228 227 12
228 228 15
228 229 3
228 230 18
229 226 14
229 227 4
229 228 1
229 229 12
229 230 9
229 231 2
230 227 7
230 228 4
230 229 9
230 230 15
230 231 9
230 232 7
231 228 9
231 229 2
231 230 11
231 231 11
231 232 19
231 233 7
232 229 19
232 230 4
232 231 16
232 232 8
232 233 7
232 234 9
233 230 5
233 231 15
233 232 5
233 233 1
233 234 19
233 235 11
234 231 7
234 232 13
234 233 14
234 234 19
234 235 12
234 236 15
235 232 10
235 233 4
235 234 16
235 235 6
235 236 9
235 237 9
236 233 15
236 234 18
236 235 1
236 236 10
236 237 9
236 238 3
237 234 13
237 235 13
237 236 16
237 237 3
237 238 18
237 239 13
238 235 17
238 236 14
238 237 12
238 238 17
238 239 19
238 240 7
239 236 4
239 237 13
239 238 12
239 239 3
239 240 14
239 241 14
240 237 16
240 238 16
240 239 6
240 240 4
240 241 17
240 242 3
241 238 13
241 239 1
241 240 4
241 241 2
241 242 5
241 243 5
242 239 3
242 240 19
242 241 9
242 242 4
242 243 12
242 244 10
243 240 8
243 241 4
243 242 18
243 243 10
243 244 14
243 245 4
244 241 14
244 242 18
244 243 9
244 244 14
244 245 1
244 246 9
245 242 12
245 243 6
245 244 9
245 245 15
245 246 5
245 247 9
246 243 18
246 244 13
246 245 10
246 246 17
246 247 5
246 248 14
247 244 8
247 245 4
247 246 2
247 247 13
247 248 18
247 249 11
248 245 16
248 246 16
248 247 4
248 248 1
248 249 1
248 250 9
249 246 9
249 247 2
249 248 5
249 249 6
249 250 16
249 251 11
250 247 14
250 248 1
250 249 15
250 250 8
250 251 17
250 252 18
251 248 5
251 249 9
251 250 9
251 251 2
251 252 3
251 253 18
252 249 10
252 250 13
252 251 2
252 252 14
252 253 4
252 254 13
253 250 11
253 251 15
253 252 4
253 253 14
253 254 11
253 255 1
254 251 13
254 252 3
254 253 15
254 254 1
254 255 11
254 256 19
255 252 8
255 253 3
255 254 6
255 255 14
255 256 13
255 257 13
256 253 13
256 254 8
256 255 9
256 256 6
256 257 17
256 258 9
257 254 5
257 255 6
257 256 9
257 257 12
257 258 19
257 259 8
258 255 13
258 256 6
258 257 8
258 258 14
258 259 7
258 260 18
259 256 2
259 257 2
259 258 18
259 259 2
259 260 13
259 261 14
260 257 18
260 258 2
260 259 14
260 260 15
260 261 13
260 262 15
261 258 7
261 259 5
261 260 5
261 261 1
261 262 18
261 263 12
262 259 3
262 260 8
262 261 18
262 262 5
262 263 4
262 264 15
263 260 12
263 261 8
263 262 18
263 263 16
263 264 2
263 265 17
264 261 2
264 262 3
264 263 13
264 264 10
264 265 12
264 266 19
265 262 19
265 263 3
265 264 19
265 265 15
265 266 6
265 267 2
266 263 3
266 264 19
266 265 6
266 266 6
266 267 3
266 268 17
267 264 7
267 265 17
267 266 14
267 267 8
267 268 7
267 269 3
268 265 15
268 266 11
268 267 19
268 268 9
268 269 7
268 270 6
269 266 18
269 267 9
269 268 10
269 269 5
269 270 4
269 271 14
270 267 4
270 268 9
270 269 4
270 270 4
270 271 1
270 272 7
271 268 2
271 269 18
271 270 4
271 271 13
271 272 1
271 273 9
272 269 15
272 270 8
272 271 6
272 272 2
272 273 18
272 274 2
273 270 3
273 271 12
273 272 14
273 273 13
273 274 16
273 275 13
274 271 4
274 272 12
274 273 17
274 274 3
274 275 13
274 276 3
275 272 2
275 273 19
275 274 4
275 275 18
275 276 10
275 277 1
276 273 12
276 274 6
276 275 15
276 276 1
276 277 2
276 278 7
277 274 16
277 275 9
277 276 11
277 277 16
277 278 8
277 279 12
278 275 17
278 276 16
278 277 6
278 278 4
278 279 12
278 280 15
279 276 5
279 277 12
279 278 6
279 279 15
279 280 11
279 281 12
280 277 10
280 278 3
280 279 5
280 280 16
280 281 13
280 282 1
281 278 12
281 279 12
281 280 13
281 281 4
281 282 8
281 283 5
282 279 1
282 280 7
282 281 8
282 282 10
282 283 4
282 284 18
283 280 18
283 281 12
283 282 18
283 283 8
283 284 1
283 285 17
284 281 16
284 282 8
284 283 16
284 284 4
284 285 16
284 286 14
285 282 11
285 283 14
285 284 19
285 285 2
285 286 17
285 287 3
286 283 7
286 284 12
286 285 14
286 286 11
286 287 12
286 288 19
287 284 14
287 285 15
287 286 7
287 287 4
287 288 3
287 289 18
288 285 7
288 286 14
288 287 4
288 288 12
288 289 9
288 290 14
289 286 7
289 287 8
289 288 2
289 289 19
289 290 7
289 291 1
290 287 14
290 288 13
290 289 17
290 290 6
290 291 8
290 292 6
291 288 1
291 289 9
291 290 15
291 291 16
291 292 16
291 293 1
292 289 8
292 290 6
292 291 11
292 292 14
292 293 11
292 294 14
293 290 7
293 291 10
293 292 6
293 293 13
293 294 10
293 295 16
294 291 13
294 292 11
294 293 4
294 294 19
294 295 19
294 296 6
295 292 16
295 293 11
295 294 10
295 295 17
295 296 16
295 297 6
296 293 18
296 294 2
296 295 10
296 296 17
296 297 9
296 298 4
297 294 14
297 295 15
297 296 7
297 297 17
297 298 1
297 299 18
298 295 17
298 296 2
298 297 13
298 298 19
298 299 15
298 300 17
299 296 11
299 297 16
299 298 17
299 299 1
299 300 14
299 301 18
300 297 10
300 298 7
300 299 9
300 300 19
300 301 16
300 302 8
301 298 7
301 299 13
301 300 1
301 301 2
301 302 4
301 303 5
302 299 3
302 300 5
302 301 13
302 302 7
302 303 9
302 304 10
303 300 5
303 301 10
303 302 14
303 303 12
303 304 15
303 305 3
304 301 1
304 302 10
304 303 15
304 304 6
304 305 7
304 306 9
305 302 13
305 303 6
305 304 4
305 305 9
305 306 7
305 307 16
306 303 3
306 304 8
306 305 16
306 306 2
306 307 9
306 308 4
307 304 11
307 305 10
307 306 8
307 307 1
307 308 6
307 309 4
308 305 3
308 306 18
308 307 1
308 308 11
308 309 16
308 310 18
309 306 18
309 307 8
309 308 5
309 309 16
309 310 18
309 311 5
310 307 9
310 308 2
310 309 4
310 310 9
310 311 8
310 312 3
311 308 18
311 309 14
311 310 3
311 311 15
311 312 1
311 313 2
312 309 3
312 310 18
312 311 16
312 312 10
312 313 15
312 314 19
313 310 4
313 311 17
313 312 16
313 313 9
313 314 9
313 315 13
314 311 18
314 312 16
314 313 11
314 314 11
314 315 11
314 316 5
315 312 3
315 313 4
315 314 16
315 315 9
315 316 13
315 317 9
316 313 16
316 314 3
316 315 10
316 316 9
316 317 16
316 318 9
317 314 16
317 315 6
317 316 13
317 317 17
317 318 7
317 319 6
318 315 2
318 316 11
318 317 17
318 318 19
318 319 10
318 320 5
319 316 6
319 317 13
319 318 15
319 319 10
319 320 3
319 321 19
320 317 1
320 318 19
320 319 17
320 320 1
320 321 16
320 322 13
321 318 2
321 319 9
321 320 5
321 321 17
321 322 8
321 323 8
322 319 7
322 320 17
322 321 10
322 322 2
322 323 1
322 324 3
323 320 14
323 321 6
323 322 16
323 323 4
323 324 8
323 325 18
324 321 11
324 322 14
324 323 14
324 324 4
324 325 8
324 326 10
325 322 3
325 323 14
325 324 18
325 325 3
325 326 7
325 327 4
326 323 19
326 324 15
326 325 13
326 326 9
326 327 17
326 328 17
327 324 7
327 325 2
327 326 18
327 327 5
327 328 3
327 329 17
328 325 14
328 326 16
328 327 12
328 328 8
328 329 10
328 330 2
329 326 13
329 327 10
329 328 7
329 329 3
329 330 11
329 331 12
330 327 2
330 328 11
330 329 18
330 330 19
330 331 10
330 332 9
331 328 1
331 329 14
331 330 7
331 331 3
331 332 8
331 333 5
332 329 16
332 330 12
332 331 14
332 332 19
332 333 17
332 334 6
333 330 17
333 331 1
333 332 7
333 333 4
333 334 19
333 335 11
334 331 7
334 332 6
334 333 5
334 334 1
334 335 18
334 336 14
335 332 8
335 333 2
335 334 11
335 335 6
335 336 10
335 337 12
336 333 9
336 334 1
336 335 3
336 336 1
336 337 9
336 338 11
337 334 6
337 335 8
337 336 17
337 337 10
337 338 8
337 339 8
338 335 14
338 336 19
338 337 15
338 338 10
338 339 15
338 340 9
339 336 17
339 337 7
339 338 8
339 339 7
339 340 9
339 341 11
340 337 7
340 338 2
340 339 14
340 340 12
340 341 11
340 342 1
341 338 19
341 339 2
341 340 1
341 341 5
341 342 6
341 343 18
342 339 10
342 340 3
342 341 16
342 342 10
342 343 7
342 344 12
343 340 14
343 341 5
343 342 13
343 343 19
343 344 12
343 345 5
344 341 2
344 342 7
344 343 6
344 344 7
344 345 7
344 346 16
345 342 12
345 343 13
345 344 8
345 345 18
345 346 10
345 347 3
346 343 15
346 344 11
346 345 2
346 346 15
346 347 16
346 348 1
347 344 10
347 345 10
347 346 14
347 347 13
347 348 13
347 349 5
348 345 18
348 346 16
348 347 17
348 348 10
348 349 14
348 350 12
349 346 7
349 347 11
349 348 7
349 349 15
349 350 18
349 351 1
350 347 13
350 348 11
350 349 4
350 350 12
350 351 18
350 352 16
351 348 7
351 349 9
351 350 4
351 351 11
351 352 7
351 353 6
352 349 5
352 350 2
352 351 14
352 352 15
352 353 17
352 354 5
353 350 14
353 351 3
353 352 5
353 353 15
353 354 8
353 355 12
354 351 8
354 352 5
354 353 2
354 354 2
354 355 3
354 356 15
355 352 4
355 353 14
355 354 4
355 355 5
355 356 14
355 357 16
356 353 10
356 354 8
356 355 19
356 356 11
356 357 13
356 358 12
357 354 15
357 355 10
357 356 7
357 357 7
357 358 6
357 359 10
358 355 18
358 356 5
358 357 19
358 358 7
358 359 12
358 360 14
359 356 6
359 357 12
359 358 3
359 359 6
359 360 7
359 361 7
360 357 13
360 358 11
360 359 5
360 360 3
360 361 3
360 362 17
361 358 6
361 359 7
361 360 2
361 361 17
361 362 9
361 363 16
362 359 4
362 360 1
362 361 2
362 362 18
362 363 6
362 364 9
363 360 19
363 361 3
363 362 19
363 363 3
363 364 15
363 365 2
364 361 6
364 362 6
364 363 1
364 364 3
364 365 2
364 366 13
365 362 11
365 363 14
365 364 5
365 365 9
365 366 9
365 367 15
366 363 12
366 364 9
366 365 9
366 366 16
366 367 7
366 368 11
367 364 13
367 365 14
367 366 2
367 367 15
367 368 10
367 369 15
368 365 14
368 366 13
368 367 19
368 368 11
368 369 3
368 370 19
369 366 16
369 367 17
369 368 5
369 369 11
369 370 7
369 371 10
370 367 18
370 368 17
370 369 1
370 370 12
370 371 18
370 372 2
371 368 10
371 369 7
371 370 7
371 371 10
371 372 13
371 373 17
372 369 5
372 370 14
372 371 1
372 372 16
372 373 6
372 374 13
373 370 17
373 371 1
373 372 15
373 373 11
373 374 12
373 375 4
374 371 10
374 372 16
374 373 2
374 374 6
374 375 9
374 376 14
375 372 18
375 373 10
375 374 14
375 375 10
375 376 12
375 377 2
376 373 11
376 374 15
376 375 18
376 376 5
376 377 15
376 378 8
377 374 6
377 375 15
377 376 9
377 377 13
377 378 14
377 379 16
378 375 3
378 376 17
378 377 1
378 378 3
378 379 9
378 380 18
379 376 14
379 377 11
379 378 19
379 379 17
379 380 4
379 381 3
380 377 5
380 378 19
380 379 2
380 380 3
380 381 18
380 382 12
381 378 9
381 379 17
381 380 15
381 381 10
381 382 7
381 383 13
382 379 12
382 380 7
382 381 10
382 382 2
382 383 7
382 384 11
383 380 12
383 381 14
383 382 3
383 383 9
383 384 5
383 385 12
384 381 5
384 382 8
384 383 4
384 384 5
384 385 4
384 386 19
385 382 13
385 383 15
385 384 8
385 385 16
385 386 11
385 387 12
386 383 11
386 384 16
386 385 10
386 386 16
386 387 9
386 388 12
387 384 15
387 385 6
387 386 10
387 387 14
387 388 15
387 389 11
388 385 12
388 386 12
388 387 16
388 388 6
388 389 6
388 390 18
389 386 9
389 387 6
389 388 9
389 389 12
389 390 3
389 391 1
390 387 16
390 388 18
390 389 19
390 390 14
390 391 14
390 392 13
391 388 15
391 389 14
391 390 3
391 391 8
391 392 11
391 393 1
392 389 18
392 390 17
392 391 14
392 392 13
392 393 14
392 394 5
393 390 18
393 391 7
393 392 2
393 393 19
393 394 18
393 395 18
394 391 19
394 392 16
394 393 5
394 394 19
394 395 6
394 396 11
395 392 3
395 393 6
395 394 12
395 395 16
395 396 13
395 397 16
396 393 17
396 394 9
396 395 11
396 396 5
396 397 18
396 398 15
397 394 17
397 395 3
397 396 18
397 397 15
397 398 17
397 399 6
398 395 12
398 396 6
398 397 13
398 398 8
398 399 12
398 400 12
399 396 11
399 397 14
399 398 12
399 399 6
399 400 15
399 401 11
400 397 10
400 398 16
400 399 9
400 400 13
400 401 11
400 402 16
401 398 8
401 399 6
401 400 8
401 401 7
401 402 15
401 403 17
402 399 16
402 400 8
402 401 3
402 402 8
402 403 13
402 404 5
403 400 19
403 401 17
403 402 3
403 403 5
403 404 17
403 405 4
404 401 3
404 402 6
404 403 14
404 404 17
404 405 10
404 406 1
405 402 1
405 403 17
405 404 17
405 405 2
405 406 9
405 407 14
406 403 17
406 404 10
406 405 14
406 406 18
406 407 4
406 408 3
407 404 1
407 405 14
407 406 4
407 407 7
407 408 19
407 409 19
408 405 4
408 406 14
408 407 19
408 408 11
408 409 15
408 410 5
409 406 15
409 407 9
409 408 9
409 409 12
409 410 4
409 411 16
410 407 13
410 408 1
410 409 6
410 410 8
410 411 5
410 412 5
411 408 13
411 409 1
411 410 8
411 411 3
411 412 16
411 413 2
412 409 3
412 410 16
412 411 5
412 412 13
412 413 2
412 414 8
413 410 17
413 411 1
413 412 14
413 413 12
413 414 13
413 415 15
414 411 15
414 412 19
414 413 7
414 414 13
414 415 4
414 416 6
415 412 12
415 413 3
415 414 9
415 415 2
415 416 2
415 417 10
416 413 17
416 414 11
416 415 18
416 416 19
416 417 15
416 418 16
417 414 2
417 415 17
417 416 7
417 417 19
417 418 16
417 419 3
418 415 11
418 416 15
418 417 8
418 418 12
418 419 9
418 420 11
419 416 17
419 417 6
419 418 16
419 419 3
419 420 16
419 421 13
420 417 19
420 418 19
420 419 7
420 420 12
420 421 12
420 422 18
421 418 4
421 419 13
421 420 9
421 421 5
421 422 16
421 423 6
422 419 8
422 420 3
422 421 4
422 422 3
422 423 9
422 424 16
423 420 16
423 421 19
423 422 6
423 423 13
423 424 12
423 425 14
424 421 2
424 422 8
424 423 1
424 424 16
424 425 12
424 426 17
425 422 6
425 423 4
425 424 4
425 425 1
425 426 17
425 427 10
426 423 3
426 424 16
426 425 6
426 426 12
426 427 7
426 428 1
427 424 13
427 425 16
427 426 10
427 427 1
427 428 16
427 429 9
428 425 2
428 426 15
428 427 5
428 428 14
428 429 13
428 430 3
429 426 15
429 427 7
429 428 10
429 429 19
429 430 3
429 431 18
430 427 1
430 428 5
430 429 17
430 430 15
430 431 5
430 432 19
431 428 15
431 429 16
431 430 8
431 431 13
431 432 12
431 433 7
432 429 7
432 430 5
432 431 18
432 432 4
432 433 9
432 434 5
433 430 12
433 431 3
433 432 2
433 433 16
433 434 19
433 435 16
434 431 6
434 432 12
434 433 10
434 434 13
434 435 16
434 436 19
435 432 19
435 433 18
435 434 2
435 435 3
435 436 10
435 437 10
436 433 10
436 434 6
436 435 1
436 436 12
436 437 5
436 438 18
437 434 5
437 435 5
437 436 19
437 437 9
437 438 15
437 439 9
438 435 6
438 436 3
438 437 8
438 438 6
438 439 8
438 440 9
439 436 9
439 437 13
439 438 10
439 439 19
439 440 4
439 441 9
440 437 5
440 438 8
440 439 5
440 440 15
440 441 13
440 442 8
441 438 16
441 439 6
441 440 4
441 441 6
441 442 13
441 443 16
442 439 8
442 440 14
442 441 18
442 442 13
442 443 11
442 444 8
443 440 11
443 441 5
443 442 9
443 443 2
443 444 18
443 445 13
444 441 14
444 442 12
444 443 17
444 444 6
444 445 11
444 446 2
445 442 10
445 443 3
445 444 1
445 445 1
445 446 6
445 447 13
446 443 2
446 444 12
446 445 16
446 446 19
446 447 6
446 448 11
447 444 11
447 445 19
447 446 10
447 447 1
447 448 15
447 449 16
448 445 17
448 446 7
448 447 3
448 448 6
448 449 14
448 450 10
449 446 2
449 447 9
449 448 6
449 449 5
449 450 2
449 451 5
450 447 4
450 448 4
450 449 7
450 450 9
450 451 9
450 452 2
451 448 19
451 449 2
451 450 19
451 451 7
451 452 1
451 453 12
452 449 6
452 450 17
452 451 7
452 452 13
452 453 13
452 454 5
453 450 2
453 451 1
453 452 14
453 453 18
453 454 19
453 455 19
454 451 14
454 452 3
454 453 1
454 454 5
454 455 19
454 456 9
455 452 16
455 453 14
455 454 10
455 455 9
455 456 14
455 457 11
456 453 4
456 454 17
456 455 4
456 456 19
456 457 18
456 458 16
457 454 8
457 455 12
457 456 1
457 457 18
457 458 15
457 459 7
458 455 16
458 456 16
458 457 15
458 458 10
458 459 18
458 460 6
459 456 7
459 457 19
459 458 6
459 459 9
459 460 4
459 461 3
460 457 4
460 458 8
460 459 6
460 460 9
460 461 9
460 462 12
461 458 19
461 459 11
461 460 13
461 461 1
461 462 5
461 463 15
462 459 16
462 460 15
462 461 10
462 462 16
462 463 11
462 464 15
463 460 8
463 461 11
463 462 13
463 463 18
463 464 15
463 465 2
464 461 10
464 462 3
464 463 18
464 464 2
464 465 10
464 466 13
465 462 3
465 463 2
465 464 3
465 465 13
465 466 10
465 467 16
466 463 5
466 464 10
466 465 15
466 466 5
466 467 11
466 468 8
467 464 7
467 465 7
467 466 6
467 467 11
467 468 4
467 469 8
468 465 15
468 466 14
468 467 3
468 468 5
468 469 12
468 470 2
469 466 16
469 467 11
469 468 6
469 469 3
469 470 7
469 471 16
470 467 8
470 468 10
470 469 19
470 470 7
470 471 4
470 472 2
471 468 7
471 469 5
471 470 14
471 471 9
471 472 4
471 473 10
472 469 1
472 470 3
472 471 9
472 472 12
472 473 14
472 474 9
473 470 13
473 471 12
473 472 18
473 473 13
473 474 17
473 475 7
474 471 6
474 472 2
474 473 8
474 474 2
474 475 10
474 476 2
475 472 7
475 473 8
475 474 5
475 475 4
475 476 19
475 477 2
476 473 4
476 474 15
476 475 6
476 476 17
476 477 19
476 478 4
477 474 7
477 475 4
477 476 1
477 477 13
477 478 6
477 479 6
478 475 18
478 476 16
478 477 4
478 478 5
478 479 15
478 480 17
479 476 4
479 477 17
479 478 16
479 479 8
479 480 19
479 481 18
480 477 10
480 478 17
480 479 1
480 480 2
480 481 3
480 482 17
481 478 6
481 479 13
481 480 5
481 481 7
481 482 1
481 483 2
482 479 18
482 480 11
482 481 18
482 482 14
482 483 7
482 484 17
483 480 14
483 481 11
483 482 19
483 483 19
483 484 14
483 485 13
484 481 14
484 482 12
484 483 18
484 484 19
484 485 11
484 486 19
485 482 14
485 483 5
485 484 2
485 485 10
485 486 14
485 487 9
486 483 8
486 484 7
486 485 13
486 486 19
486 487 17
486 488 6
487 484 7
487 485 12
487 486 12
487 487 15
487 488 18
487 489 7
488 485 17
488 486 15
488 487 16
488 488 4
488 489 18
488 490 3
489 486 8
489 487 11
489 488 7
489 489 3
489 490 1
489 491 6
490 487 1
490 488 9
490 489 18
490 490 5
490 491 1
490 492 4
491 488 4
491 489 13
491 490 10
491 491 19
491 492 16
491 493 16
492 489 15
492 490 8
492 491 10
492 492 6
492 493 5
492 494 9
493 490 13
493 491 3
493 492 2
493 493 19
493 494 7
493 495 11
494 491 8
494 492 15
494 493 11
494 494 14
494 495 5
494 496 5
495 492 17
495 493 18
495 494 7
495 495 5
495 496 4
495 497 19
496 493 16
496 494 1
496 495 8
496 496 11
496 497 13
496 498 16
497 494 12
497 495 9
497 496 12
497 497 17
497 498 3
497 499 5
498 495 13
498 496 13
498 497 8
498 498 1
498 499 6
498 500 10
499 496 16
499 497 5
499 498 13
499 499 5
499 500 9
499 501 3
500 497 14
500 498 16
500 499 6
500 500 14
500 501 19
500 502 13
501 498 11
501 499 16
501 500 9
501 501 12
501 502 5
501 503 14
502 499 11
502 500 6
502 501 10
502 502 16
502 503 2
502 504 1
503 500 12
503 501 9
503 502 11
503 503 8
503 504 5
503 505 1
504 501 15
504 502 11
504 503 15
504 504 12
504 505 7
504 506 5
505 502 6
505 503 19
505 504 13
505 505 17
505 506 7
505 507 17
506 503 7
506 504 19
506 505 11
506 506 1
506 507 18
506 508 16
507 504 7
507 505 7
507 506 8
507 507 19
507 508 10
507 509 12
508 505 18
508 506 9
508 507 3
508 508 16
508 509 14
508 510 18
509 506 11
509 507 17
509 508 11
509 509 3
509 510 3
509 511 13
510 507 16
510 508 4
510 509 17
510 510 14
510 511 14
510 512 11
511 508 16
511 509 14
511 510 7
511 511 3
511 512 5
511 513 1
512 509 6
512 510 18
512 511 19
512 512 4
512 513 15
512 514 10
513 510 19
513 511 17
513 512 4
513 513 9
513 514 3
513 515 18
514 511 7
514 512 18
514 513 1
514 514 18
514 515 10
514 516 15
515 512 3
515 513 16
515 514 5
515 515 9
515 516 2
515 517 14
516 513 7
516 514 16
516 515 6
516 516 11
516 517 9
516 518 11
517 514 10
517 515 6
517 516 5
517 517 18
517 518 3
517 519 18
518 515 12
518 516 2
518 517 5
518 518 12
518 519 11
518 520 15
519 516 14
519 517 16
519 518 4
519 519 17
519 520 19
519 521 5
520 517 16
520 518 7
520 519 14
520 520 4
520 521 16
520 522 4
521 518 10
521 519 17
521 520 5
521 521 11
521 522 3
521 523 3
522 519 19
522 520 1
522 521 3
522 522 11
522 523 17
522 524 10
523 520 19
523 521 15
523 522 8
523 523 5
523 524 10
523 525 17
524 521 11
524 522 12
524 523 4
524 524 10
524 525 16
524 526 16
525 522 2
525 523 3
525 524 18
525 525 10
525 526 1
525 527 2
526 523 7
526 524 14
526 525 11
526 526 3
526 527 9
526 528 6
527 524 18
527 525 6
527 526 11
527 527 15
527 528 5
527 529 14
528 525 8
528 526 2
528 527 11
528 528 19
528 529 15
528 530 4
529 526 15
529 527 11
529 528 5
529 529 10
529 530 10
529 531 6
530 527 9
530 528 5
530 529 13
530 530 19
530 531 16
530 532 6
531 528 9
531 529 3
531 530 5
531 531 16
531 532 13
531 533 16
532 529 4
532 530 7
532 531 6
532 532 4
532 533 12
532 534 15
533 530 4
533 531 9
533 532 6
533 533 5
533 534 7
533 535 2
534 531 18
534 532 17
534 533 3
534 534 2
534 535 14
534 536 7
535 532 7
535 533 2
535 534 14
535 535 19
535 536 9
535 537 2
536 533 1
536 534 3
536 535 4
536 536 4
536 537 4
536 538 4
537 534 15
537 535 5
537 536 2
537 537 4
537 538 8
537 539 9
538 535 9
538 536 6
538 537 8
538 538 9
538 539 13
538 540 12
539 536 12
539 537 9
539 538 11
539 539 3
539 540 10
539 541 19
540 537 4
540 538 1
540 539 13
540 540 2
540 541 17
540 542 4
541 538 4
541 539 6
541 540 14
541 541 13
541 542 15
541 543 16
542 539 15
542 540 12
542 541 9
542 542 2
542 543 17
542 544 13
543 540 2
543 541 14
543 542 2
543 543 11
543 544 5
543 545 16
544 541 18
544 542 15
544 543 6
544 544 4
544 545 15
544 546 19
545 542 6
545 543 11
545 544 13
545 545 6
545 546 15
545 547 15
546 543 3
546 544 13
546 545 12
546 546 19
546 547 11
546 548 13
547 544 2
547 545 19
547 546 10
547 547 11
547 548 16
547 549 12
548 545 9
548 546 10
548 547 8
548 548 2
548 549 10
548 550 1
549 546 10
549 547 6
549 548 10
549 549 6
549 550 5
549 551 8
550 547 19
550 548 8
550 549 3
550 550 16
550 551 4
550 552 14
551 548 18
551 549 16
551 550 13
551 551 1
551 552 12
551 553 7
552 549 10
552 550 12
552 551 15
552 552 4
552 553 12
552 554 11
553 550 11
553 551 10
553 552 1
553 553 6
553 554 18
553 555 16
554 551 14
554 552 2
554 553 1
554 554 11
554 555 7
554 556 19
555 552 19
555 553 13
555 554 17
555 555 15
555 556 13
555 557 14
556 553 17
556 554 10
556 555 8
556 556 10
556 557 15
556 558 6
557 554 13
557 555 15
557 556 2
557 557 8
557 558 8
557 559 2
558 555 11
558 556 16
558 557 11
558 558 3
558 559 14
558 560 15
559 556 16
559 557 13
559 558 16
559 559 18
559 560 3
559 561 15
560 557 10
560 558 2
560 559 8
560 560 2
560 561 2
560 562 17
561 558 13
561 559 12
561 560 16
561 561 17
561 562 16
561 563 2
562 559 2
562 560 4
562 561 17
562 562 2
562 563 8
562 564 9
563 560 1
563 561 2
563 562 11
563 563 8
563 564 2
563 565 14
564 561 6
564 562 10
564 563 7
564 564 14
564 565 13
564 566 3
565 562 7
565 563 2
565 564 16
565 565 18
565 566 8
565 567 18
566 563 8
566 564 8
566 565 9
566 566 6
566 567 14
566 568 18
567 564 15
567 565 2
567 566 18
567 567 4
567 568 18
567 569 17
568 565 6
568 566 14
568 567 15
568 568 17
568 569 6
568 570 14
569 566 7
569 567 18
569 568 3
569 569 5
569 570 8
569 571 18
570 567 13
570 568 13
570 569 14
570 570 17
570 571 3
570 572 19
571 568 19
571 569 8
571 570 10
571 571 11
571 572 7
571 573 9
572 569 7
572 570 11
572 571 4
572 572 3
572 573 3
572 574 17
573 570 13
573 571 2
573 572 4
573 573 3
573 574 14
573 575 9
574 571 9
574 572 14
574 573 19
574 574 10
574 575 10
574 576 15
575 572 10
575 573 16
575 574 12
575 575 11
575 576 12
575 577 15
576 573 5
576 574 15
576 575 7
576 576 14
576 577 1
576 578 10
577 574 10
577 575 7
577 576 19
577 577 18
577 578 14
577 579 7
578 575 8
578 576 16
578 577 9
578 578 4
578 579 8
578 580 11
579 576 19
579 577 10
579 578 16
579 579 4
579 580 19
579 581 5
580 577 13
580 578 17
580 579 1
580 580 3
580 581 5
580 582 7
581 578 5
581 579 5
581 580 9
581 581 2
581 582 2
581 583 13
582 579 5
582 580 8
582 581 6
582 582 10
582 583 10
582 584 7
583 580 18
583 581 7
583 582 19
583 583 16
583 584 19
583 585 11
584 581 9
584 582 18
584 583 8
584 584 10
584 585 15
584 586 10
585 582 10
585 583 8
585 584 16
585 585 10
585 586 12
585 587 1
586 583 19
586 584 3
586 585 13
586 586 11
586 587 15
586 588 11
587 584 13
587 585 15
587 586 9
587 587 3
587 588 12
587 589 4
588 585 4
588 586 5
588 587 19
588 588 6
588 589 6
588 590 8
589 586 3
589 587 6
589 588 2
589 589 15
589 590 5
589 591 15
590 587 11
590 588 9
590 589 4
590 590 17
590 591 12
590 592 1
591 588 4
591 589 10
591 590 10
591 591 8
591 592 10
591 593 8
592 589 15
592 590 4
592 591 10
592 592 3
592 593 11
592 594 11
593 590 2
593 591 15
593 592 12
593 593 11
593 594 2
593 595 3
594 591 11
594 592 10
594 593 1
594 594 1
594 595 15
594 596 7
595 592 18
595 593 9
595 594 15
595 595 7
595 596 3
595 597 14
596 593 6
596 594 14
596 595 3
596 596 3
596 597 13
596 598 3
597 594 10
597 595 13
597 596 3
597 597 6
597 598 16
597 599 10
598 595 4
598 596 12
598 597 18
598 598 14
598 599 14
598 600 17
599 596 15
599 597 17
599 598 18
599 599 10
599 600 8
599 601 13
600 597 6
600 598 1
600 599 3
600 600 11
600 601 18
600 602 2
601 598 5
601 599 3
601 600 1
601 601 10
601 602 13
601 603 19
602 599 13
602 600 2
602 601 3
602 602 16
602 603 17
602 604 16
603 600 7
603 601 9
603 602 6
603 603 16
603 604 8
603 605 15
604 601 8
604 602 19
604 603 19
604 604 15
604 605 17
604 606 18
605 602 11
605 603 4
605 604 15
605 605 18
605 606 18
605 607 12
606 603 3
606 604 5
606 605 8
606 606 8
606 607 11
606 608 9
607 604 5
607 605 15
607 606 2
607 607 10
607 608 5
607 609 2
608 605 14
608 606 13
608 607 3
608 608 2
608 609 14
608 610 7
609 606 9
609 607 10
609 608 19
609 609 4
609 610 6
609 611 14
610 607 11
610 608 8
610 609 13
610 610 14
610 611 1
610 612 11
611 608 1
611 609 11
611 610 8
611 611 12
611 612 12
611 613 11
612 609 7
612 610 9
612 611 13
612 612 15
612 613 7
612 614 12
613 610 19
613 611 1
613 612 5
613 613 9
613 614 7
613 615 7
614 611 10
614 612 12
614 613 19
614 614 15
614 615 11
614 616 2
615 612 11
615 613 17
615 614 3
615 615 6
615 616 15
615 617 9
616 613 15
616 614 1
616 615 18
616 616 17
616 617 15
616 618 3
617 614 7
617 615 19
617 616 10
617 617 6
617 618 18
617 619 3
618 615 18
618 616 6
618 617 11
618 618 4
618 619 19
618 620 2
619 616 2
619 617 15
619 618 7
619 619 7
619 620 3
619 621 9
620 617 6
620 618 3
620 619 16
620 620 7
620 621 17
620 622 5
621 618 7
621 619 14
621 620 19
621 621 1
621 622 11
621 623 10
622 619 6
622 620 3
622 621 9
622 622 19
622 623 17
622 624 18
623 620 13
623 621 13
623 622 13
623 623 7
623 624 4
623 625 6
624 621 13
624 622 16
624 623 4
624 624 15
624 625 10
624 626 17
625 622 16
625 623 18
625 624 1
625 625 11
625 626 17
625 627 10
626 623 15
626 624 3
626 625 8
626 626 7
626 627 1
626 628 8
627 624 8
627 625 18
627 626 2
627 627 6
627 628 4
627 629 6
628 625 13
628 626 17
628 627 1
628 628 1
628 629 14
628 630 11
629 626 11
629 627 19
629 628 11
629 629 5
629 630 7
629 631 12
630 627 1
630 628 15
630 629 6
630 630 1
630 631 2
630 632 17
631 628 17
631 629 17
631 630 14
631 631 15
631 632 2
631 633 12
632 629 4
632 630 15
632 631 5
632 632 11
632 633 5
632 634 12
633 630 3
633 631 1
633 632 8
633 633 1
633 634 1
633 635 8
634 631 2
634 632 5
634 633 1
634 634 4
634 635 2
634 636 12
635 632 19
635 633 5
635 634 11
635 635 19
635 636 16
635 637 8
636 633 14
636 634 14
636 635 7
636 636 9
636 637 11
636 638 14
637 634 13
637 635 11
637 636 2
637 637 19
637 638 15
637 639 12
638 635 4
638 636 9
638 637 16
638 638 3
638 639 19
638 640 1
639 636 12
639 637 3
639 638 12
639 639 13
639 640 15
639 641 2
640 637 9
640 638 8
640 639 7
640 640 4
640 641 13
640 642 5
641 638 9
641 639 16
641 640 15
641 641 11
641 642 18
641 643 6
642 639 11
642 640 5
642 641 4
642 642 4
642 643 11
642 644 15
643 640 6
643 641 19
643 642 14
643 643 15
643 644 6
643 645 16
644 641 8
644 642 1
644 643 1
644 644 18
644 645 6
644 646 12
645 642 18
645 643 19
645 644 17
645 645 6
645 646 19
645 647 18
646 643 16
646 644 2
646 645 4
646 646 11
646 647 17
646 648 14
647 644 6
647 645 3
647 646 12
647 647 2
647 648 9
647 649 18
648 645 1
648 646 16
648 647 9
648 648 14
648 649 3
648 650 16
649 646 4
649 647 8
649 648 17
649 649 6
649 650 10
649 651 4
650 647 8
650 648 17
650 649 9
650 650 3
650 651 16
650 652 12
651 648 6
651 649 4
651 650 16
651 651 17
651 652 9
651 653 4
652 649 14
652 650 18
652 651 12
652 652 10
652 653 11
652 654 10
653 650 7
653 651 5
653 652 7
653 653 16
653 654 16
653 655 17
654 651 13
654 652 19
654 653 5
654 654 4
654 655 13
654 656 15
655 652 1
655 653 1
655 654 19
655 655 7
655 656 14
655 657 7
656 653 1
656 654 4
656 655 3
656 656 13
656 657 10
656 658 5
657 654 4
657 655 19
657 656 9
657 657 15
657 658 6
657 659 13
658 655 1
658 656 2
658 657 11
658 658 10
658 659 2
658 660 1
659 656 14
659 657 7
659 658 17
659 659 12
659 660 10
659 661 19
660 657 15
660 658 1
660 659 15
660 660 15
660 661 3
660 662 19
661 658 11
661 659 14
661 660 16
661 661 13
661 662 18
661 663 8
662 659 10
662 660 5
662 661 2
662 662 18
662 663 1
662 664 2
663 660 17
663 661 16
663 662 8
663 663 8
663 664 18
663 665 4
664 661 11
664 662 15
664 663 6
664 664 8
664 665 3
664 666 13
665 662 7
665 663 14
665 664 11
665 665 8
665 666 3
665 667 15
666 663 6
666 664 6
666 665 7
666 666 3
666 667 12
666 668 1
667 664 7
667 665 6
667 666 17
667 667 12
667 668 17
667 669 14
668 665 9
668 666 2
668 667 4
668 668 12
668 669 6
668 670 9
669 666 15
669 667 11
669 668 19
669 669 10
669 670 16
669 671 17
670 667 1
670 668 3
670 669 10
670 670 16
670 671 12
670 672 6
671 668 8
671 669 9
671 670 16
671 671 15
671 672 4
671 673 16
672 669 3
672 670 16
672 671 5
672 672 14
672 673 5
672 674 12
673 670 5
673 671 3
673 672 14
673 673 13
673 674 3
673 675 4
674 671 16
674 672 10
674 673 1
674 674 8
674 675 10
674 676 17
675 672 8
675 673 4
675 674 3
675 675 11
675 676 16
675 677 12
676 673 11
676 674 12
676 675 15
676 676 5
676 677 10
676 678 5
677 674 6
677 675 13
677 676 6
677 677 7
677 678 6
677 679 13
678 675 13
678 676 17
678 677 10
678 678 6
678 679 16
678 680 3
679 676 17
679 677 17
679 678 15
679 679 18
679 680 13
679 681 8
680 677 13
680 678 12
680 679 6
680 680 3
680 681 2
680 682 18
681 678 15
681 679 16
681 680 13
681 681 1
681 682 16
681 683 12
682 679 9
682 680 2
682 681 17
682 682 8
682 683 14
682 684 6
683 680 12
683 681 5
683 682 9
683 683 18
683 684 3
683 685 10
684 681 8
684 682 12
684 683 6
684 684 3
684 685 5
684 686 7
685 682 12
685 683 18
685 684 16
685 685 2
685 686 18
685 687 17
686 683 13
686 684 10
686 685 6
686 686 11
686 687 13
686 688 15
687 684 13
687 685 17
687 686 12
687 687 3
687 688 19
687 689 16
688 685 7
688 686 16
688 687 13
688 688 11
688 689 7
688 690 2
689 686 18
689 687 5
689 688 15
689 689 18
689 690 10
689 691 6
690 687 3
690 688 12
690 689 4
690 690 5
690 691 1
690 692 19
691 688 19
691 689 3
691 690 5
691 691 4
691 692 6
691 693 1
692 689 13
692 690 1
692 691 7
692 692 17
692 693 6
692 694 7
693 690 4
693 691 12
693 692 15
693 693 7
693 694 6
693 695 4
694 691 19
694 692 10
694 693 10
694 694 13
694 695 11
694 696 15
695 692 14
695 693 1
695 694 18
695 695 14
695 696 11
695 697 1
696 693 14
696 694 9
696 695 2
696 696 9
696 697 3
696 698 13
697 694 18
697 695 3
697 696 14
697 697 13
697 698 4
697 699 14
698 695 19
698 696 4
698 697 1
698 698 12
698 699 15
698 700 15
699 696 7
699 697 1
699 698 5
699 699 19
699 700 7
699 701 11
700 697 10
700 698 11
700 699 2
700 700 4
700 701 15
700 702 19
701 698 3
701 699 7
701 700 13
701 701 2
701 702 11
701 703 18
702 699 19
702 700 15
702 701 14
702 702 18
702 703 4
702 704 1
703 700 10
703 701 1
703 702 4
703 703 16
703 704 12
703 705 3
704 701 4
704 702 10
704 703 8
704 704 17
704 705 7
704 706 4
705 702 17
705 703 19
705 704 9
705 705 10
705 706 4
705 707 5
706 703 18
706 704 11
706 705 6
706 706 13
706 707 10
706 708 16
707 704 7
707 705 11
707 706 15
707 707 11
707 708 9
707 709 8
708 705 13
708 706 5
708 707 3
708 708 13
708 709 8
708 710 18
709 706 16
709 707 17
709 708 11
709 709 13
709 710 2
709 711 3
710 707 1
710 708 6
710 709 13
710 710 16
710 711 2
710 712 6
711 708 14
711 709 18
711 710 14
711 711 5
711 712 1
711 713 14
712 709 16
712 710 12
712 711 19
712 712 10
712 713 16
712 714 18
713 710 1
713 711 12
713 712 2
713 713 18
713 714 4
713 715 15
714 711 12
714 712 13
714 713 15
714 714 11
714 715 14
714 716 13
715 712 12
715 713 17
715 714 2
715 715 19
715 716 2
715 717 19
716 713 6
716 714 12
716 715 17
716 716 5
716 717 17
716 718 7
717 714 9
717 715 6
717 716 15
717 717 15
717 718 9
717 719 4
718 715 2
718 716 2
718 717 19
718 718 3
718 719 15
718 720 3
719 716 4
719 717 9
719 718 19
719 719 16
719 720 17
719 721 4
720 717 12
720 718 12
720 719 16
720 720 7
720 721 18
720 722 16
721 718 10
721 719 14
721 720 3
721 721 2
721 722 1
721 723 8
722 719 10
722 720 16
722 721 15
722 722 19
722 723 19
722 724 9
723 720 12
723 721 11
723 722 18
723 723 5
723 724 11
723 725 16
724 721 11
724 722 8
724 723 4
724 724 16
724 725 10
724 726 5
725 722 11
725 723 18
725 724 8
725 725 17
725 726 12
725 727 8
726 723 13
726 724 4
726 725 12
726 726 17
726 727 17
726 728 2
727 724 5
727 725 15
727 726 3
727 727 18
727 728 2
727 729 18
728 725 11
728 726 13
728 727 9
728 728 11
728 729 4
728 730 19
729 726 1
729 727 14
729 728 4
729 729 5
729 730 15
729 731 17
730 727 10
730 728 3
730 729 14
730 730 18
730 731 17
730 732 14
731 728 2
731 729 6
731 730 4
731 731 17
731 732 5
731 733 1
732 729 11
732 730 12
732 731 10
732 732 15
732 733 8
732 734 4
733 730 7
733 731 2
733 732 19
733 733 4
733 734 15
733 735 9
734 731 17
734 732 5
734 733 14
734 734 15
734 735 12
734 736 19
735 732 4
735 733 9
735 734 14
735 735 7
735 736 3
735 737 12
736 733 6
736 734 12
736 735 6
736 736 11
736 737 1
736 738 16
737 734 14
737 735 6
737 736 16
737 737 17
737 738 1
737 739 8
738 735 12
738 736 4
738 737 15
738 738 11
738 739 6
738 740 15
739 736 18
739 737 17
739 738 5
739 739 15
739 740 9
739 741 12
740 737 11
740 738 1
740 739 16
740 740 11
740 741 14
740 742 16
741 738 11
741 739 8
741 740 19
741 741 2
741 742 8
741 743 18
742 739 7
742 740 13
742 741 6
742 742 12
742 743 16
742 744 6
743 740 17
743 741 12
743 742 12
743 743 6
743 744 8
743 745 9
744 741 19
744 742 15
744 743 4
744 744 4
744 745 15
744 746 18
745 742 16
745 743 16
745 744 17
745 745 1
745 746 12
745 747 10
746 743 1
746 744 7
746 745 7
746 746 10
746 747 9
746 748 18
747 744 17
747 745 4
747 746 12
747 747 16
747 748 12
747 749 4
748 745 19
748 746 4
748 747 6
748 748 13
748 749 14
748 750 14
749 746 4
749 747 18
749 748 8
749 749 13
749 750 10
749 751 11
750 747 18
750 748 6
750 749 5
750 750 1
750 751 15
750 752 9
751 748 14
751 749 4
751 750 2
751 751 1
751 752 14
751 753 4
752 749 3
752 750 17
752 751 11
752 752 13
752 753 18
752 754 14
753 750 13
753 751 10
753 752 8
753 753 16
753 754 9
753 755 18
754 751 2
754 752 4
754 753 2
754 754 10
754 755 19
754 756 11
755 752 19
755 753 17
755 754 9
755 755 9
755 756 10
755 757 18
756 753 13
756 754 11
756 755 8
756 756 14
756 757 18
756 758 3
757 754 3
757 755 12
757 756 8
757 757 16
757 758 9
757 759 17
758 755 13
758 756 14
758 757 15
758 758 4
758 759 13
758 760 13
759 756 14
759 757 13
759 758 4
759 759 16
759 760 9
759 761 12
760 757 17
760 758 15
760 759 18
760 760 5
760 761 12
760 762 1
761 758 11
761 759 16
761 760 7
761 761 13
761 762 10
761 763 16
762 759 13
762 760 8
762 761 9
762 762 8
762 763 2
762 764 17
763 760 1
763 761 16
763 762 8
763 763 12
763 764 7
763 765 9
764 761 12
764 762 8
764 763 16
764 764 5
764 765 11
764 766 11
765 762 1
765 763 16
765 764 14
765 765 17
765 766 1
765 767 9
766 763 12
766 764 16
766 765 19
766 766 11
766 767 5
766 768 6
767 764 14
767 765 11
767 766 16
767 767 19
767 768 14
767 769 15
768 765 5
768 766 4
768 767 7
768 768 6
768 769 15
768 770 12
769 766 5
769 767 16
769 768 13
769 769 16
769 770 19
769 771 5
770 767 16
770 768 16
770 769 4
770 770 11
770 771 15
770 772 11
771 768 19
771 769 13
771 770 10
771 771 1
771 772 10
771 773 5
772 769 17
772 770 7
772 771 7
772 772 9
772 773 6
772 774 19
773 770 4
773 771 14
773 772 3
773 773 15
773 774 16
773 775 10
774 771 16
774 772 14
774 773 12
774 774 18
774 775 4
774 776 3
775 772 18
775 773 11
775 774 18
775 775 10
775 776 8
775 777 5
776 773 11
776 774 1
776 775 8
776 776 9
776 777 3
776 778 14
777 774 1
777 775 18
777 776 18
777 777 16
777 778 9
777 779 4
778 775 18
778 776 3
778 777 16
778 778 10
778 779 11
778 780 7
779 776 12
779 777 6
779 778 1
779 779 18
779 780 3
779 781 14
780 777 8
780 778 4
780 779 17
780 780 7
780 781 7
780 782 17
781 778 13
781 779 7
781 780 11
781 781 14
781 782 19
781 783 3
782 779 19
782 780 13
782 781 3
782 782 19
782 783 2
782 784 10
783 780 1
783 781 3
783 782 18
783 783 4
783 784 14
783 785 11
784 781 15
784 782 19
784 783 19
784 784 5
784 785 4
784 786 14
785 782 7
785 783 14
785 784 7
785 785 19
785 786 1
785 787 7
786 783 18
786 784 2
786 785 17
786 786 2
786 787 15
786 788 13
787 784 7
787 785 16
787 786 11
787 787 17
787 788 11
787 789 5
788 785 7
788 786 14
788 787 7
788 788 1
788 789 1
788 790 10
789 786 6
789 787 17
789 788 19
789 789 2
789 790 17
789 791 11
790 787 17
790 788 14
790 789 8
790 790 11
790 791 3
790 792 7
791 788 19
791 789 19
791 790 13
791 791 4
791 792 4
791 793 6
792 789 19
792 790 2
792 791 17
792 792 8
792 793 13
792 794 18
793 790 7
793 791 1
793 792 5
793 793 10
793 794 1
793 795 16
794 791 9
794 792 12
794 793 12
794 794 19
794 795 9
794 796 7
795 792 1
795 793 16
795 794 16
795 795 12
795 796 12
795 797 18
796 793 13
796 794 12
796 795 6
796 796 9
796 797 12
796 798 16
797 794 7
797 795 12
797 796 15
797 797 17
797 798 7
797 799 2
798 795 2
798 796 18
798 797 10
798 798 12
798 799 2
798 800 14
799 796 8
799 797 10
799 798 7
799 799 6
799 800 5
799 801 15
800 797 17
800 798 13
800 799 2
800 800 16
800 801 4
800 802 15
801 798 4
801 799 11
801 800 15
801 801 13
801 802 6
801 803 4
802 799 15
802 800 3
802 801 3
802 802 14
802 803 16
802 804 2
803 800 3
803 801 12
803 802 13
803 803 10
803 804 5
803 805 16
804 801 18
804 802 8
804 803 1
804 804 18
804 805 14
804 806 14
805 802 19
805 803 9
805 804 11
805 805 1
805 806 18
805 807 16
806 803 1
806 804 8
806 805 7
806 806 11
806 807 4
806 808 12
807 804 19
807 805 2
807 806 2
807 807 5
807 808 5
807 809 2
808 805 13
808 806 6
808 807 1
808 808 4
808 809 11
808 810 1
809 806 7
809 807 1
809 808 19
809 809 9
809 810 4
809 811 18
810 807 6
810 808 5
810 809 17
810 810 7
810 811 5
810 812 15
811 808 14
811 809 1
811 810 17
811 811 14
811 812 4
811 813 11
812 809 11
812 810 18
812 811 17
812 812 10
812 813 2
812 814 6
813 810 11
813 811 15
813 812 4
813 813 2
813 814 4
813 815 15
814 811 14
814 812 6
814 813 19
814 814 3
814 815 2
814 816 18
815 812 15
815 813 2
815 814 18
815 815 17
815 816 10
815 817 19
816 813 1
816 814 5
816 815 16
816 816 11
816 817 4
816 818 17
817 814 17
817 815 2
817 816 3
817 817 10
817 818 17
817 819 11
818 815 12
818 816 3
818 817 17
818 818 8
818 819 2
818 820 2
819 816 5
819 817 13
819 818 6
819 819 14
819 820 12
819 821 10
820 817 13
820 818 1
820 819 18
820 820 6
820 821 9
820 822 1
821 818 11
821 819 4
821 820 4
821 821 4
821 822 7
821 823 2
822 819 18
822 820 5
822 821 4
822 822 11
822 823 11
822 824 9
823 820 18
823 821 18
823 822 8
823 823 14
823 824 10
823 825 19
824 821 1
824 822 11
824 823 7
824 824 15
824 825 2
824 826 1
825 822 12
825 823 17
825 824 15
825 825 9
825 826 14
825 827 13
826 823 12
826 824 10
826 825 16
826 826 11
826 827 15
826 828 14
827 824 19
827 825 19
827 826 12
827 827 13
827 828 11
827 829 7
828 825 10
828 826 3
828 827 8
828 828 11
828 829 4
828 830 15
829 826 11
829 827 8
829 828 11
829 829 17
829 830 17
829 831 5
830 827 17
830 828 7
830 829 4
830 830 17
830 831 6
830 832 11
831 828 8
831 829 5
831 830 7
831 831 2
831 832 4
831 833 16
832 829 13
832 830 13
832 831 19
832 832 3
832 833 18
832 834 15
833 830 17
833 831 8
833 832 16
833 833 17
833 834 19
833 835 10
834 831 18
834 832 19
834 833 9
834 834 6
834 835 16
834 836 6
835 832 9
835 833 6
835 834 17
835 835 7
835 836 16
835 837 14
836 833 13
836 834 4
836 835 5
836 836 11
836 837 10
836 838 6
837 834 11
837 835 6
837 836 5
837 837 3
837 838 1
837 839 19
838 835 11
838 836 9
838 837 4
838 838 14
838 839 3
838 840 7
839 836 17
839 837 4
839 838 11
839 839 13
839 840 2
839 841 17
840 837 13
840 838 5
840 839 15
840 840 10
840 841 17
840 842 7
841 838 14
841 839 16
841 840 12
841 841 13
841 842 18
841 843 16
842 839 18
842 840 3
842 841 11
842 842 6
842 843 4
842 844 3
843 840 12
843 841 19
843 842 8
843 843 11
843 844 5
843 845 10
844 841 2
844 842 1
844 843 18
844 844 9
844 845 19
844 846 4
845 842 4
845 843 17
845 844 10
845 845 19
845 846 1
845 847 13
846 843 7
846 844 4
846 845 5
846 846 4
846 847 3
846 848 3
847 844 4
847 845 13
847 846 13
847 847 2
847 848 8
847 849 9
848 845 6
848 846 14
848 847 14
848 848 9
848 849 6
848 850 7
849 846 15
849 847 1
849 848 17
849 849 18
849 850 11
849 851 13
850 847 13
850 848 5
850 849 11
850 850 4
850 851 7
850 852 14
851 848 5
851 849 6
851 850 12
851 851 3
851 852 1
851 853 5
852 849 12
852 850 11
852 851 13
852 852 16
852 853 13
852 854 2
853 850 16
853 851 8
853 852 3
853 853 19
853 854 6
853 855 2
854 851 2
854 852 14
854 853 3
854 854 10
854 855 11
854 856 5
855 852 8
855 853 4
855 854 18
855 855 7
855 856 8
855 857 2
856 853 16
856 854 16
856 855 13
856 856 1
856 857 7
856 858 14
857 854 7
857 855 8
857 856 15
857 857 14
857 858 6
857 859 8
858 855 3
858 856 19
858 857 18
858 858 2
858 859 15
858 860 2
859 856 10
859 857 2
859 858 15
859 859 1
859 860 19
859 861 14
860 857 13
860 858 7
860 859 12
860 860 12
860 861 4
860 862 10
861 858 17
861 859 16
861 860 17
861 861 3
861 862 11
861 863 14
862 859 2
862 860 1
862 861 19
862 862 8
862 863 11
862 864 1
863 860 10
863 861 5
863 862 3
863 863 13
863 864 6
863 865 7
864 861 15
864 862 1
864 863 3
864 864 6
864 865 12
864 866 18
865 862 3
865 863 19
865 864 16
865 865 2
865 866 2
865 867 11
866 863 3
866 864 9
866 865 14
866 866 6
866 867 10
866 868 5
867 864 3
867 865 1
867 866 10
867 867 19
867 868 10
867 869 16
868 865 5
868 866 7
868 867 18
868 868 9
868 869 10
868 870 15
869 866 8
869 867 18
869 868 8
869 869 14
869 870 4
869 871 9
870 867 17
870 868 3
870 869 11
870 870 12
870 871 10
870 872 15
871 868 12
871 869 15
871 870 19
871 871 10
871 872 8
871 873 5
872 869 7
872 870 6
872 871 11
872 872 5
872 873 9
872 874 13
873 870 16
873 871 12
873 872 18
873 873 3
873 874 7
873 875 1
874 871 7
874 872 2
874 873 17
874 874 15
874 875 8
874 876 1
875 872 17
875 873 4
875 874 14
875 875 3
875 876 4
875 877 19
876 873 1
876 874 5
876 875 4
876 876 16
876 877 14
876 878 15
877 874 19
877 875 15
877 876 12
877 877 11
877 878 15
877 879 16
878 875 18
878 876 6
878 877 3
878 878 7
878 879 6
878 880 9
879 876 11
879 877 5
879 878 12
879 879 18
879 880 11
879 881 11
880 877 17
880 878 8
880 879 3
880 880 19
880 881 13
880 882 12
881 878 7
881 879 11
881 880 18
881 881 19
881 882 10
881 883 11
882 879 11
882 880 16
882 881 9
882 882 14
882 883 10
882 884 19
883 880 2
883 881 17
883 882 19
883 883 18
883 884 10
883 885 15
884 881 15
884 882 3
884 883 4
884 884 11
884 885 15
884 886 1
885 882 4
885 883 16
885 884 17
885 885 3
885 886 16
885 887 18
886 883 7
886 884 6
886 885 8
886 886 14
886 887 1
886 888 12
887 884 5
887 885 13
887 886 6
887 887 15
887 888 13
887 889 7
888 885 12
888 886 12
888 887 5
888 888 6
888 889 12
888 890 10
889 886 13
889 887 8
889 888 1
889 889 1
889 890 8
889 891 18
890 887 4
890 888 17
890 889 19
890 890 14
890 891 17
890 892 15
891 888 14
891 889 1
891 890 14
891 891 18
891 892 14
891 893 9
892 889 7
892 890 2
892 891 11
892 892 16
892 893 9
892 894 8
893 890 19
893 891 1
893 892 4
893 893 13
893 894 3
893 895 8
894 891 19
894 892 1
894 893 17
894 894 8
894 895 10
894 896 17
895 892 14
895 893 11
895 894 3
895 895 9
895 896 15
895 897 7
896 893 15
896 894 2
896 895 10
896 896 14
896 897 18
896 898 3
897 894 3
897 895 16
897 896 19
897 897 11
897 898 8
897 899 9
898 895 15
898 896 4
898 897 17
898 898 7
898 899 8
898 900 18
899 896 4
899 897 9
899 898 8
899 899 2
899 900 1
899 901 6
900 897 14
900 898 14
900 899 4
900 900 14
900 901 15
900 902 13
901 898 5
901 899 11
901 900 11
901 901 5
901 902 12
901 903 7
902 899 2
902 900 19
902 901 2
902 902 2
902 903 15
902 904 11
903 900 18
903 901 7
903 902 16
903 903 1
903 904 1
903 905 19
904 901 6
904 902 2
904 903 8
904 904 15
904 905 14
904 906 8
905 902 4
905 903 7
905 904 19
905 905 6
905 906 17
905 907 18
906 903 18
906 904 17
906 905 18
906 906 1
906 907 15
906 908 6
907 904 9
907 905 10
907 906 3
907 907 19
907 908 16
907 909 4
908 905 6
908 906 8
908 907 4
908 908 9
908 909 3
908 910 17
909 906 9
909 907 18
909 908 14
909 909 16
909 910 19
909 911 7
910 907 11
910 908 1
910 909 15
910 910 10
910 911 4
910 912 7
911 908 15
911 909 12
911 910 11
911 911 1
911 912 15
911 913 14
912 909 5
912 910 2
912 911 15
912 912 5
912 913 15
912 914 12
913 910 6
913 911 15
913 912 4
913 913 18
913 914 7
913 915 13
914 911 3
914 912 13
914 913 10
914 914 11
914 915 2
914 916 8
915 912 2
915 913 18
915 914 1
915 915 2
915 916 17
915 917 3
916 913 9
916 914 9
916 915 5
916 916 9
916 917 1
916 918 8
917 914 11
917 915 10
917 916 19
917 917 16
917 918 17
917 919 7
918 915 14
918 916 19
918 917 2
918 918 1
918 919 14
918 920 6
919 916 5
919 917 15
919 918 1
919 919 13
919 920 1
919 921 14
920 917 10
920 918 2
920 919 2
920 920 19
920 921 8
920 922 3
921 918 2
921 919 14
921 920 4
921 921 11
921 922 3
921 923 18
922 919 6
922 920 6
922 921 9
922 922 8
922 923 3
922 924 16
923 920 14
923 921 18
923 922 6
923 923 18
923 924 11
923 925 9
924 921 10
924 922 16
924 923 7
924 924 12
924 925 6
924 926 17
925 922 10
925 923 11
925 924 17
925 925 2
925 926 10
925 927 16
926 923 15
926 924 2
926 925 17
926 926 6
926 927 17
926 928 12
927 924 15
927 925 6
927 926 19
927 927 9
927 928 15
927 929 15
928 925 1
928 926 14
928 927 1
928 928 7
928 929 3
928 930 15
929 926 14
929 927 2
929 928 3
929 929 16
929 930 17
929 931 10
930 927 10
930 928 1
930 929 6
930 930 9
930 931 12
930 932 6
931 928 1
931 929 13
931 930 19
931 931 5
931 932 11
931 933 5
932 929 16
932 930 10
932 931 10
932 932 9
932 933 5
932 934 17
933 930 15
933 931 14
933 932 13
933 933 4
933 934 18
933 935 9
934 931 14
934 932 9
934 933 11
934 934 1
934 935 12
934 936 13
935 932 8
935 933 16
935 934 5
935 935 8
935 936 15
935 937 10
936 933 5
936 934 14
936 935 11
936 936 12
936 937 13
936 938 4
937 934 10
937 935 5
937 936 19
937 937 11
937 938 18
937 939 14
938 935 11
938 936 8
938 937 9
938 938 9
938 939 8
938 940 19
939 936 11
939 937 4
939 938 19
939 939 12
939 940 14
939 941 14
940 937 16
940 938 18
940 939 14
940 940 13
940 941 1
940 942 17
941 938 13
941 939 3
941 940 18
941 941 13
941 942 5
941 943 2
942 939 13
942 940 16
942 941 19
942 942 5
942 943 15
942 944 5
943 940 7
943 941 10
943 942 9
943 943 11
943 944 13
943 945 12
944 941 14
944 942 17
944 943 3
944 944 17
944 945 8
944 946 4
945 942 19
945 943 18
945 944 11
945 945 14
945 946 18
945 947 14
946 943 7
946 944 2
946 945 1
946 946 10
946 947 9
946 948 16
947 944 4
947 945 10
947 946 16
947 947 4
947 948 19
947 949 8
948 945 8
948 946 10
948 947 1
948 948 9
948 949 19
948 950 13
949 946 18
949 947 15
949 948 10
949 949 1
949 950 15
949 951 17
950 947 13
950 948 16
950 949 7
950 950 10
950 951 12
950 952 3
951 948 19
951 949 19
951 950 17
951 951 18
951 952 13
951 953 2
952 949 15
952 950 19
952 951 9
952 952 1
952 953 10
952 954 18
953 950 19
953 951 12
953 952 2
953 953 2
953 954 9
953 955 8
954 951 12
954 952 18
954 953 19
954 954 17
954 955 1
954 956 9
955 952 6
955 953 15
955 954 3
955 955 13
955 956 14
955 957 8
956 953 7
956 954 19
956 955 11
956 956 4
956 957 9
956 958 1
957 954 8
957 955 16
957 956 14
957 957 18
957 958 10
957 959 4
958 955 15
958 956 15
958 957 13
958 958 2
958 959 6
958 960 12
959 956 3
959 957 3
959 958 11
959 959 8
959 960 15
959 961 7
960 957 16
960 958 15
960 959 5
960 960 16
960 961 15
960 962 15
961 958 11
961 959 14
961 960 2
961 961 12
961 962 2
961 963 15
962 959 1
962 960 19
962 961 15
962 962 5
962 963 5
962 964 13
963 960 2
963 961 11
963 962 16
963 963 2
963 964 4
963 965 17
964 961 13
964 962 19
964 963 18
964 964 15
964 965 14
964 966 7
965 962 6
965 963 12
965 964 6
965 965 12
965 966 15
965 967 18
966 963 17
966 964 11
966 965 12
966 966 17
966 967 18
966 968 13
967 964 1
967 965 15
967 966 17
967 967 15
967 968 11
967 969 5
968 965 13
968 966 3
968 967 9
968 968 19
968 969 10
968 970 16
969 966 2
969 967 17
969 968 4
969 969 2
969 970 6
969 971 11
970 967 6
970 968 11
970 969 10
970 970 14
970 971 19
970 972 18
971 968 13
971 969 15
971 970 11
971 971 1
971 972 5
971 973 19
972 969 7
972 970 10
972 971 9
972 972 15
972 973 19
972 974 12
973 970 1
973 971 3
973 972 7
973 973 1
973 974 8
973 975 2
974 971 11
974 972 9
974 973 1
974 974 10
974 975 14
974 976 10
975 972 14
975 973 1
975 974 1
975 975 17
975 976 18
975 977 10
976 973 17
976 974 9
976 975 9
976 976 6
976 977 6
976 978 5
977 974 19
977 975 5
977 976 3
977 977 14
977 978 19
977 979 3
978 975 17
978 976 19
978 977 2
978 978 12
978 979 5
978 980 11
979 976 11
979 977 3
979 978 4
979 979 5
979 980 9
979 981 8
980 977 13
980 978 2
980 979 4
980 980 14
980 981 4
980 982 13
981 978 4
981 979 15
981 980 8
981 981 16
981 982 7
981 983 8
982 979 13
982 980 5
982 981 10
982 982 9
982 983 12
982 984 3
983 980 9
983 981 8
983 982 8
983 983 1
983 984 4
983 985 18
984 981 14
984 982 13
984 983 2
984 984 17
984 985 19
984 986 3
985 982 1
985 983 1
985 984 13
985 985 17
985 986 5
985 987 18
986 983 13
986 984 10
986 985 5
986 986 3
986 987 18
986 988 14
987 984 13
987 985 12
987 986 11
987 987 17
987 988 14
987 989 14
988 985 17
988 986 3
988 987 12
988 988 5
988 989 9
988 990 11
989 986 7
989 987 6
989 988 17
989 989 4
989 990 14
989 991 8
990 987 11
990 988 15
990 989 15
990 990 7
990 991 18
990 992 10
991 988 19
991 989 6
991 990 1
991 991 3
991 992 12
991 993 12
992 989 7
992 990 1
992 991 7
992 992 13
992 993 11
992 994 2
993 990 17
993 991 8
993 992 11
993 993 1
993 994 16
993 995 8
994 991 14
994 992 7
994 993 8
994 994 1
994 995 4
994 996 16
995 992 9
995 993 5
995 994 11
995 995 13
995 996 5
995 997 18
996 993 7
996 994 1
996 995 5
996 996 15
996 997 13
996 998 1
997 994 11
997 995 1
997 996 14
997 997 10
997 998 5
997 999 9
998 995 1
998 996 15
998 997 5
998 998 8
998 999 4
999 996 3
999 997 4
999 998 5
999 999 3
