1

111101011001100010010101
101001001101111000101011
110101111011010110010001
111011010111001100100110
000111001101111101000100
011000110110000101011101
101010011111101100111000
001000001101100100011011
011000011000100001010001
010100110100010010110110
110011000011011011111101
001000101011100100111101
111100101000001001111010
101010111001011110111111
010100101111011110101010
100001000010001111100001
010110101110101101001100
010010100111001011011111
111000100001100111111010
000000011000101100000111
100010010111011000000001
000000010101110010010100
111011110110101010110111
000110011100111000010111

